[app/ui]
version = 7.0.0
modtime = 1511385137.338712000

[app/launcher]
version = 7.0.0
modtime = 1511385137.340042000
